1001 chin11423 chin11423 24.0   114.0       23.0         115.0       1000 1000
1000 chin1 chin1   26.0         111.0       22.0         115.0       1000 1000
3  maui_1  maui_1  20.72015680 -156.4678555 20.62977343 -156.4212348 9573 14929
4  maui_2  maui_2  20.81985804 -156.4771797 20.72024997 -156.4305590 9573 14929
5  maui_3  maui_3  20.82451697 -156.5722858 20.76860974 -156.4772729 9573 14929
6  maui_4  maui_4  20.85247059 -156.6524734 20.78724548 -156.5723791 9573 14929
7  maui_5  maui_5  20.91443445 -156.7028237 20.83197127 -156.6525666 9573 14929
8  maui_6  maui_6  20.99782942 -156.7102830 20.91452763 -156.6617975 9573 14929
9  maui_7  maui_7  21.03882806 -156.6776485 20.99792259 -156.5834748 9573 14929
10 maui_8  maui_8  20.93633145 -156.5191383 20.86644740 -156.4305590 9573 14929
11 maui_9  maui_9  20.95962614 -156.4304657 20.87110634 -156.3513038 9573 14929
12 maui_10 maui_10 20.80588123 -156.0296212 20.68008994 -155.9643523 9573 14929
13 maui_A  maui_A  20.90837783 -156.5443134 20.86644740 -156.4212348 9573 14929
14 maui_B  maui_B  21.02019231 -156.7149451 20.88182189 -156.6403520 9573 14929
15 maui_C  maui_C  20.89207156 -156.6944320 20.86970866 -156.6729865 9573 14929
16 maui_D  maui_D  20.80122229 -156.5210031 20.79004084 -156.5070169 9573 14929
17 maui_E  maui_E  20.79656336 -156.4930307 20.63256879 -156.4025866 9573 14929
2 4by3 testx 34.9901256732 126.510451306 34.9543985637 126.544536817 134 128
18 test3 testx 34.9978456014 126.502137767 34.9513464991 126.547624703 130 128
19 retest testx 34.9959605027 126.504275534 34.9666965889 126.547149644 128 187
21 qwe testx 34.9955116697 126.508313539 34.9517953321 126.547862233 141 128
22 asd testx 34.9900359066 126.510688836 34.9612208259 126.543111639 128 144
23 jerryAoi testx 34.9976660682 126.504275534 34.9527827648 126.546793349 135 128
20 rayAoi testx 34.9976660682 126.503444181 34.9516157989 126.548099762 131 128
24 wailea maui 20.72015680 -156.45750000 20.62977343 -156.42123480 319 128
25 kihei maui 20.81985804 -156.47717970 20.72024997 -156.43055900 273 128
26 maalaea maui 20.82451697 -156.57228580 20.76860974 -156.47727290 128 217
27 mopua maui 20.85247059 -156.65247340 20.78724548 -156.57237910 128 157
28 lahaina maui 20.91443445 -156.70282370 20.83197127 -156.65256660 210 128
29 kahana maui 20.99782942 -156.71028300 20.91452763 -156.66179750 219 128
30 honolua maui 21.03882806 -156.67764850 20.99792256 -156.58347480 128 294
31 kahului maui 20.93633145 -156.51913830 20.86644740 -156.43055900 128 162
32 paia maui 20.94666700 -156.43046570 20.87110634 -156.35130380 128 134
33 hana maui 20.80588123 -156.02962120 20.68008994 -155.96435230 246 128
34 halawa maui 21.16100000 -156.75566660 21.09750000 -156.70916660 174 128
35 pukoo maui 21.10883330 -156.82516660 21.06033330 -156.75566660 128 183
36 kamalo maui 21.08716660 -156.99050000 21.04566660 -156.82516660 128 509
37 kaunakakai maui 21.11266660 -157.12500000 21.07566660 -156.99050000 128 465
38 kolo maui 21.11266660 -157.26316660 21.07566660 -157.12500000 128 477
39 kaupoa maui 21.16683330 -157.31266660 21.08783330 -157.26316660 204 128
40 kepuhi maui 21.23433330 -157.26316660 21.15083330 -157.21533330 223 128
41 kualapuu maui 21.17733330 -157.21533330 21.12750000 -157.01766660 128 507
42 kalaupaya maui 21.21550000 -157.01766660 21.14583330 -156.96850000 181 128
43 pohakuloa maui 20.93000000 -157.06250000 20.88483330 -156.95233330 128 312
44 shipwreck maui 20.92400000 -156.95233330 20.87833330 -156.85250000 128 279
45 naha maui 20.87833330 -156.85250000 20.75600000 -156.80433330 325 128
46 manele maui 20.77516660 -156.98916660 20.73100000 -156.85250000 128 396
47 kaumalapau maui 20.81933330 -156.99283330 20.77516660 -156.87366660 128 345
48 lanai maui 20.87833330 -156.93966660 20.77516660 -156.87366660 200 128
60 honolulu oahu 21.30916670 -157.87000000 21.25400000 -157.64833330 128 514
61 kapolama oahu 21.35166670 -157.96966670 21.29850000 -157.80550000 128 395
62 kalaeloa oahu 21.34983330 -158.12966670 21.29483330 -157.96966670 128 372
63 maili oahu 21.45033330 -158.18016670 21.34983330 -158.12466670 231 128
64 makana oahu 21.53100000 -158.23016670 21.42733330 -158.17133330 225 128
65 kaena_in_ohau oahu 21.58633330 -158.28166670 21.53100000 -158.14500000 128 316
66 waialua oahu 21.60900000 -158.14500000 21.53100000 -158.07950000 152 128
67 kawailoa oahu 21.65666670 -158.09600000 21.60900000 -158.00000000 128 257
68 kawela oahu 21.71266670 -158.05966670 21.65666670 -157.91866670 128 322
69 laie oahu 21.65666670 -157.94683330 21.56050000 -157.89300000 228 128
70 kaoawe oahu 21.59333330 -157.89300000 21.43300000 -157.83433330 349 128
71 kaneohe oahu 21.46316670 -157.83433330 21.36283330 -157.77866670 230 128
72 mokapu oahu 21.46316670 -157.77866670 21.36283330 -157.72183330 225 128
73 waimanalo oahu 21.39700000 -157.72833330 21.30916670 -157.66650000 181 128
74 hilo hawaii 19.73933330 -155.16500000 19.64316660 -154.97766660 128 249
75 keaau hawaii 19.64316660 -155.16500000 19.55000000 -154.90300000 128 359
76 kapoho hawaii 19.57066660 -154.90300000 19.40700000 -154.80433330 212 128
77 kalapana hawaii 19.55000000 -154.99566660 19.33550000 -154.90300000 296 128
78 mountain_view hawaii 19.64316660 -155.16500000 19.45550000 -154.90300000 128 178
79 kaena_in_hawaii hawaii 19.36883330 -155.17883330 19.26150000 -154.99566660 128 218
80 naalehu hawaii 19.22383330 -155.58766660 19.02250000 -155.47216660 223 128
81 nahuku hawaii 19.11050000 -155.82200000 19.02250000 -155.58766660 128 340
82 ka_lae hawaii 19.00316660 -155.79466660 18.90950000 -155.58500000 128 286
83 hoopuloa hawaii 19.47750000 -155.92850000 19.01433330 -155.82200000 556 128
84 captain_cook hawaii 19.62733330 -155.98866660 19.40833330 -155.88533330 271 128
85 kailua_kona hawaii 19.75433330 -156.06183330 19.57466660 -155.94700000 200 128
86 kiholo hawaii 19.85666660 -156.05083330 19.75433330 -155.77266660 128 347
87 kapalaoa hawaii 19.94966660 -155.92433330 19.85666660 -155.77266660 128 208
88 kawaihae hawaii 20.07916660 -155.86566660 19.94966660 -155.77266660 178 128
89 waimea_in_hawaii hawaii 20.07916660 -155.86566660 19.99516660 -155.50000000 128 557
90 kohala hawaii 20.17833330 -155.90500000 20.07916660 -155.70000000 128 264
91 hawi hawaii 20.26866660 -155.90500000 20.01783333 -155.70000000 156 128
92 honokaa hawaii 20.14383330 -155.63750000 20.04583330 -155.40950000 128 297
93 paauilo hawaii 20.07750000 -155.40950000 19.99666660 -155.27933330 128 206
94 weloka hawaii 20.01700000 -155.27933330 19.88366660 -155.16500000 149 128
95 honomu hawaii 19.93550000 -155.16500000 19.73933330 -155.08116660 299 128
49 hanalei kauai 22.23250000 -159.58766700 22.19416670 -159.37200000 128 720
50 molaa kauai 22.21500000 -159.37200000 22.16583330 -159.30916670 128 163
51 kapaa kauai 22.16583333 -159.33016670 22.05133330 -159.29216670 385 128
52 wailua kauai 22.06616670 -159.37116670 21.93000000 -159.33016670 425 128
53 lihue kauai 22.00266670 -159.44733330 21.93000000 -159.33016670 128 206
54 poipou kauai 21.90600000 -159.55216670 21.86816670 -159.38683330 128 559
55 hanapepe kauai 21.93050000 -159.64533330 21.88866670 -159.55216670 128 285
56 waimea_in_kauai kauai 21.97183330 -159.69333330 21.93050000 -159.62216670 128 220
57 ke_kaha kauai 22.00316667 -159.77166670 21.96016670 -159.69333330 128 233
58 mana kauai 22.08116670 -159.78783330 22.00316667 -159.74900000 257 128
59 lawai kauai 21.93000000 -159.55216670 21.86816670 -159.38683330 128 342
96 North_Kihei maui 20.7900298521 -156.466636845 20.7707771126 -156.445647857 128 139
97 Mid_Nihau kauai 21.9552607899 -160.1404878 21.9246852498 -160.105365848 128 147
98 Bay oahu 21.41659173 -158.039191823 21.3275629533 -157.929162611 128 158
99 bill ks033211 37.951088913333329 128.20579347037037 37.855821425555554 128.33133730740741 128 168
100 cindy ks033211 37.988307115555557 128.1352445 37.876097013333336 128.2724539148148 128 156
101 stuff ks033211 37.971919996666664 128.13191147777778 37.856099173333334 128.27217616296295 128 155
102 stuff1 ks033211 37.963587563333334 128.12219016296297 37.827491152222223 128.26745438148149 128 136
103 stuff5 ks033211 37.983029907777777 128.1213569074074 37.838601063333336 128.26078833703704 132 128
1 temp chin1 23.504000000000001 112.504 22.504000000000001 113.496 129 128
104 chin1a chin1 23.504000000000001 112.504 22.504000000000001 113.496 129 128
