chin11423_1024 chin11423 0 24.0           114.0          23.0           115.0           1024   1024 chin11423_1024.gif
chin11423_2048 chin11423 0 24.0           114.0          23.0           115.0           2048   2048 chin11423_2048.gif
chin1_76	  chin1 0 23.5           114.0          23.0           114.5           1024   1024 chin1_76.gif
chin1             chin1 0 26.0           111.0          22.0           115.0           1000   1000 chin1_1k.gif
maui               maui 0 21.35454137   -157.34315636   20.43367806   -155.94033122     512    720 maui_250k_one_eighth.gif
wailea             maui 0 20.72015680   -156.45750000   20.62977343   -156.42123480    1000    375 wailea.gif      
kihei              maui 0 20.81985804   -156.47717970   20.72024997   -156.43055900    1102    482 kihei.gif       
maalaea            maui 0 20.82451697   -156.57228580   20.76860974   -156.47727290     619    982 maalaea.gif     
mopua              maui 0 20.85247059   -156.65247340   20.78724548   -156.57237910     722    828 mopua.gif       
lahaina            maui 0 20.91443445   -156.70282370   20.83197127   -156.65256660     913    519 lahaina.gif     
kahana             maui 0 20.99782942   -156.71028300   20.91452763   -156.66179750     922    501 kahana.gif      
honolua            maui 0 21.03882806   -156.67764850   20.99792256   -156.58347480     452    974 honolua.gif     
kahului            maui 0 20.93633145   -156.51913830   20.86644740   -156.43055900     773    916 kahului.gif     
paia               maui 0 20.94666700   -156.43046570   20.87110634   -156.35130380     836    818 paia.gif        
hana               maui 0 20.80588123   -156.02962120   20.68008994   -155.96435230     928    450 hana.gif        
halawa             maui 0 21.16100000   -156.75566660   21.09750000   -156.70916660     703    480 halawa.gif      
pukoo              maui 0 21.10883330   -156.82516660   21.06033330   -156.75566660     536    718 pukoo.gif       
kamalo             maui 0 21.08716660   -156.99050000   21.04566660   -156.82516660     306   1140 kamalo.gif      
kaunakakai         maui 0 21.11266660   -157.12500000   21.07566660   -156.99050000     273    927 kaunakakai.gif  
kolo               maui 0 21.11266660   -157.26316660   21.07566660   -157.12500000     273    952 kolo.gif        
kaupoa             maui 0 21.16683330   -157.31266660   21.08783330   -157.26316660     874    512 kaupoa.gif      
kepuhi             maui 0 21.23433330   -157.26316660   21.15083330   -157.21533330     924    494 kepuhi.gif      
kualapuu           maui 0 21.17733330   -157.21533330   21.12750000   -157.01766660     275   1022 kualapuu.gif    
kalaupaya          maui 0 21.21550000   -157.01766660   21.14583330   -156.96850000     771    508 kalaupaya.gif   
pohakuloa          maui 0 20.93000000   -157.06250000   20.88483330   -156.95233330     500   1139 pohakuloa.gif   
shipwreck          maui 0 20.92400000   -156.95233330   20.87833330   -156.85250000     505   1032 shipwreck.gif   
naha               maui 0 20.87833330   -156.85250000   20.75600000   -156.80433330     902    332 naha.gif        
manele             maui 0 20.77516660   -156.98916660   20.73100000   -156.85250000     326    942 manele.gif      
kaumalapau         maui 0 20.81933330   -156.99283330   20.77516660   -156.87366660     326    821 kaumalapau.gif  
lanai              maui 0 20.87833330   -156.93966660   20.77516660   -156.87366660    1142    682 lanai.gif
kauai             kauai 0 22.26011691   -160.25951219   21.74213129   -159.29170731     576    992 kauai_250k_one_quarter.gif     
hanalei           kauai 0 22.23250000   -159.58766700   22.19416670   -159.37200000     212   1107 hanalei.gif 
molaa             kauai 0 22.21500000   -159.37200000   22.16583330   -159.30916670     544    645 molaa.gif   
kapaa             kauai 0 22.16583333   -159.33016670   22.05133330   -159.29216670     845    266 kapaa.gif   
wailua            kauai 0 22.06616670   -159.37116670   21.93000000   -159.33016670    1005    280 wailua.gif  
lihue             kauai 0 22.00266670   -159.44733330   21.93000000   -159.33016670     536    801 lihue.gif   
poipou            kauai 0 21.90600000   -159.55216670   21.86816670   -159.38683330     279   1131 poipou.gif  
hanapepe          kauai 0 21.93050000   -159.64533330   21.88866670   -159.55216670     463    956 hanapepe.gif
waimea_in_kauai   kauai 0 21.97183330   -159.69333330   21.93050000   -159.62216670     457    730 waimea_in_kauai.gif  
ke_kaha           kauai 0 22.00316667   -159.77166670   21.96016670   -159.69333330     476    804 ke_kaha.gif 
mana              kauai 0 22.08116670   -159.78783330   22.00316667   -159.74900000     863    398 mana.gif    
lawai             kauai 0 21.93000000   -159.55216670   21.86816670   -159.38683330     456   1131 lawai.gif
oahu               oahu 0 21.76191547   -158.41601753   21.24392986   -157.63704966     576    800 oahu_250k_one_quarter.gif 
honolulu           oahu 0 21.30916670   -157.87000000   21.25400000   -157.64833330     305   1141 honolulu.gif      
kapolama           oahu 0 21.35166670   -157.96966670   21.29850000   -157.80550000     392   1127 kapolama.gif      
kalaeloa           oahu 0 21.34983330   -158.12966670   21.29483330   -157.96966670     406   1098 kalaeloa.gif      
maili              oahu 0 21.45033330   -158.18016670   21.34983330   -158.12466670    1112    571 maili.gif         
makana             oahu 0 21.53100000   -158.23016670   21.42733330   -158.17133330    1147    606 makana.gif        
kaena_in_ohau      oahu 0 21.58633330   -158.28166670   21.53100000   -158.14500000     408    938 kaena_in_ohau.gif 
waialua            oahu 0 21.60900000   -158.14500000   21.53100000   -158.07950000     863    674 waialua.gif       
kawailoa           oahu 0 21.65666670   -158.09600000   21.60900000   -158.00000000     527    989 kawailoa.gif      
kawela             oahu 0 21.71266670   -158.05966670   21.65666670   -157.91866670     413    968 kawela.gif        
laie               oahu 0 21.65666670   -157.94683330   21.56050000   -157.89300000    1064    554 laie.gif          
kaoawe             oahu 0 21.59333330   -157.89300000   21.43300000   -157.83433330    1183    402 kaoawe.gif        
kaneohe            oahu 0 21.46316670   -157.83433330   21.36283330   -157.77866670    1111    573 kaneohe.gif       
mokapu             oahu 0 21.46316670   -157.77866670   21.36283330   -157.72183330    1111    585 mokapu.gif        
waimanalo          oahu 0 21.39700000   -157.72833330   21.30916670   -157.66650000     972    637 waimanalo.gif
hawaii           hawaii 0 20.43839928   -156.18850463   18.82688849   -154.69215782     896    768 hawaii_500k_one_quarter.gif    
hilo             hawaii 0 19.73933330   -155.16500000   19.64316660   -154.97766660     532    976 hilo.gif        
keaau            hawaii 0 19.64316660   -155.16500000   19.55000000   -154.90300000     412   1092 keaau.gif       
kapoho           hawaii 0 19.57066660   -154.90300000   19.40700000   -154.80433330     905    514 kapoho.gif      
kalapana         hawaii 0 19.55000000   -154.99566660   19.33550000   -154.90300000    1187    483 kalapana.gif    
mountain_view    hawaii 0 19.64316660   -155.16500000   19.45550000   -154.90300000     831   1092 mountain_view.gif
kaena_in_hawaii  hawaii 0 19.36883330   -155.17883330   19.26150000   -154.99566660     594    954 kaena_in_hawaii.gif
naalehu          hawaii 0 19.22383330   -155.58766660   19.02250000   -155.47216660    1114    602 naalehu.gif     
nahuku           hawaii 0 19.11050000   -155.82200000   19.02250000   -155.58766660     389    977 nahuku.gif      
ka_lae           hawaii 0 19.00316660   -155.79466660   18.90950000   -155.58500000     518   1093 ka_lae.gif      
hoopuloa         hawaii 0 19.47750000   -155.92850000   19.01433330   -155.82200000    1139    246 hoopuloa.gif    
captain_cook     hawaii 0 19.62733330   -155.98866660   19.40833330   -155.88533330     969    430 captain_cook.gif
kailua_kona      hawaii 0 19.75433330   -156.06183330   19.57466660   -155.94700000     994    598 kailua_kona.gif 
kiholo           hawaii 0 19.85666660   -156.05083330   19.75433330   -155.77266660     453   1160 kiholo.gif      
kapalaoa         hawaii 0 19.94966660   -155.92433330   19.85666660   -155.77266660     686   1054 kapalaoa.gif    
kawaihae         hawaii 0 20.07916660   -155.86566660   19.94966660   -155.77266660     955    646 kawaihae.gif    
waimea_in_hawaii hawaii 0 20.07916660   -155.86566660   19.99516660   -155.50000000     265   1089 waimea_in_hawaii.gif      
kohala           hawaii 0 20.17833330   -155.90500000   20.07916660   -155.70000000     548   1068 kohala.gif      
hawi             hawaii 0 20.26866660   -155.90500000   20.01783333   -155.70000000    1110    854 hawi.gif        
honokaa          hawaii 0 20.14383330   -155.63750000   20.04583330   -155.40950000     542   1188 honokaa.gif     
paauilo          hawaii 0 20.07750000   -155.40950000   19.99666660   -155.27933330     596    904 paauilo.gif     
weloka           hawaii 0 20.01700000   -155.27933330   19.88366660   -155.16500000     984    794 weloka.gif      
honomu           hawaii 0 19.93550000   -155.16500000   19.73933330   -155.08116660    1085    437 honomu.gif
North_Kihei maui 1 20.7900298521 -156.466636845 20.7707771126 -156.445647857 426 434 North_Kihei.gif
Mid_Nihau kauai 1 21.9552607899 -160.1404878 21.9246852498 -160.105365848 677 721 Mid_Nihau.gif
Bay oahu 1 21.41659173 -158.039191823 21.3275629533 -157.929162611 985 1133 Bay.gif
ks033211 ks033211 0 38.002750 128.097748  37.752777 128.397720 900 1080 ks033211Back.gif
